
C = [
-3.671797 -3.985725 -3.844593
-3.044315 -3.341222 -3.300348
-2.868042 -3.125518 -3.054077
-2.710444 -2.890717 -2.774759
-2.514222 -2.714606 -2.649447
-2.317675 -2.564096 -2.528319
-2.256120 -2.512735 -2.487505
-2.207214 -2.475949 -2.434345
-2.165303 -2.413626 -2.379977
-2.133974 -2.354349 -2.316954
-2.110945 -2.289028 -2.259713
-2.080603 -2.229021 -2.192910
-2.048843 -2.168821 -2.126024
-2.017606 -2.105169 -2.064757
-1.979861 -2.048912 -2.014638
-1.944874 -1.997062 -1.970711
-1.912438 -1.962241 -1.934946
-1.890145 -1.935272 -1.908883
-1.852110 -1.909674 -1.883939
-1.815270 -1.882477 -1.854047
-1.767535 -1.856227 -1.830855
-1.729690 -1.826918 -1.804076
-1.696446 -1.803689 -1.780726
-1.671166 -1.781786 -1.756077
-1.643374 -1.763831 -1.733899
-1.613890 -1.735926 -1.710078
-1.587854 -1.707342 -1.681866
-1.566132 -1.680052 -1.651308
-1.548207 -1.658561 -1.620458
-1.535132 -1.632073 -1.595660
-1.514925 -1.610015 -1.574731
-1.493734 -1.589859 -1.551310
-1.479670 -1.563062 -1.530669
-1.466269 -1.539987 -1.509078
-1.445615 -1.519778 -1.492059
-1.432869 -1.496422 -1.470762
-1.416820 -1.477520 -1.450598
-1.405325 -1.454368 -1.428099
-1.392087 -1.434435 -1.413664
-1.375232 -1.413408 -1.395996
-1.358671 -1.388048 -1.377761
-1.341171 -1.367470 -1.363282
-1.326774 -1.341721 -1.342511
-1.307571 -1.328975 -1.327254
-1.292927 -1.309731 -1.306028
-1.280973 -1.296986 -1.291127
-1.261326 -1.278964 -1.270076
-1.243207 -1.264862 -1.258565
-1.220172 -1.246950 -1.242603
-1.202782 -1.233128 -1.227033
-1.181216 -1.217501 -1.209809
-1.163299 -1.203432 -1.189848
-1.142946 -1.188943 -1.174806
-1.122553 -1.172910 -1.160287
-1.106121 -1.158287 -1.144503
-1.085348 -1.145397 -1.131294
-1.067828 -1.130025 -1.119259
-1.051509 -1.113194 -1.107516
-1.032140 -1.097153 -1.093091
-1.014197 -1.089192 -1.077846
-0.999737 -1.073415 -1.065717
-0.989869 -1.058233 -1.050672
-0.979795 -1.041607 -1.037119
-0.969973 -1.022516 -1.021979
-0.961177 -0.990823 -1.007943
-0.952952 -0.968398 -0.990566
-0.940966 -0.945479 -0.976425
-0.928481 -0.919629 -0.950634
-0.916901 -0.904600 -0.927628
-0.896087 -0.892230 -0.910772
-0.873724 -0.882148 -0.893118
-0.851969 -0.868624 -0.874813
-0.839304 -0.860906 -0.862883
-0.819369 -0.844025 -0.842957
-0.781338 -0.833476 -0.828614
-0.759329 -0.822683 -0.810236
-0.740334 -0.808808 -0.794398
-0.728767 -0.795284 -0.782004
-0.709164 -0.777994 -0.768426
-0.698060 -0.762317 -0.753881
-0.685924 -0.743105 -0.735796
-0.674348 -0.729031 -0.720129
-0.662361 -0.713704 -0.709517
-0.650390 -0.699328 -0.694629
-0.640532 -0.683435 -0.684651
-0.627491 -0.668401 -0.672429
-0.614862 -0.650748 -0.658572
-0.602106 -0.636089 -0.646382
-0.590454 -0.621226 -0.635260
-0.578895 -0.604924 -0.614955
-0.565911 -0.586250 -0.597530
-0.555834 -0.576430 -0.580322
-0.546732 -0.558327 -0.561547
-0.534926 -0.539007 -0.535819
-0.524624 -0.521798 -0.520696
-0.513566 -0.502720 -0.509025
-0.502785 -0.482339 -0.491163
-0.488945 -0.460481 -0.479683
-0.476978 -0.440708 -0.457757
-0.462266 -0.417549 -0.445427
-0.445255 -0.400485 -0.432878
-0.432742 -0.382484 -0.422794
-0.424605 -0.355121 -0.408815
-0.403685 -0.334809 -0.390036
-0.389101 -0.325745 -0.369535
-0.377504 -0.311321 -0.353309
-0.354694 -0.292854 -0.339773
-0.346418 -0.276693 -0.329457
-0.322184 -0.256828 -0.306429
-0.302323 -0.247247 -0.284083
-0.289300 -0.230211 -0.272564
-0.277511 -0.227348 -0.249505
-0.264258 -0.210027 -0.234045
-0.239525 -0.197310 -0.206981
-0.225819 -0.181729 -0.189874
-0.193066 -0.166575 -0.172729
-0.177526 -0.147792 -0.153296
-0.150390 -0.135002 -0.137919
-0.133501 -0.122629 -0.122930
-0.108747 -0.105220 -0.105891
-0.090840 -0.093645 -0.087274
-0.079543 -0.076430 -0.076310
-0.063476 -0.069493 -0.069084
-0.051408 -0.056169 -0.051983
-0.039785 -0.042579 -0.045900
-0.030563 -0.034884 -0.034144
-0.022475 -0.024732 -0.022075
-0.011076 -0.011677 -0.011649
0.000000 0.000000 0.000000
0.011654 0.014800 0.015975
0.021538 0.029925 0.029577
0.029696 0.039423 0.038116
0.038643 0.051591 0.054132
0.056003 0.060497 0.071088
0.063480 0.075289 0.083997
0.073450 0.094601 0.100466
0.088371 0.111079 0.109610
0.101692 0.122638 0.125640
0.112207 0.128833 0.140446
0.123845 0.145392 0.151041
0.133346 0.156370 0.163141
0.146905 0.170837 0.175988
0.159581 0.186079 0.186464
0.171892 0.202159 0.202083
0.185773 0.218032 0.211429
0.198256 0.234087 0.223050
0.209424 0.252856 0.232665
0.225600 0.264163 0.245326
0.235384 0.275401 0.255170
0.241716 0.293687 0.271935
0.257189 0.307206 0.279555
0.262211 0.320126 0.294236
0.277005 0.332785 0.308066
0.283863 0.352038 0.326179
0.294611 0.361739 0.334942
0.305088 0.378162 0.351510
0.308323 0.386315 0.370091
0.318380 0.395895 0.379827
0.326285 0.409628 0.388583
0.337733 0.421523 0.401494
0.355014 0.433253 0.414475
0.355014 0.433253 0.414475
0.355014 0.433253 0.414475
0.355014 0.433253 0.414475
0.355014 0.433253 0.414475
0.355014 0.433253 0.414475
0.355014 0.433253 0.414475
0.355014 0.433253 0.414475
0.355014 0.433253 0.414475
0.355014 0.433253 0.414475
0.355014 0.433253 0.414475
0.355014 0.433253 0.414475
0.355014 0.433253 0.414475
0.355014 0.433253 0.414475
0.355014 0.433253 0.414475
0.355014 0.433253 0.414475
0.355014 0.433253 0.414475
0.355014 0.433253 0.414475
0.355014 0.433253 0.414475
0.355014 0.433253 0.414475
0.355014 0.433253 0.414475
0.355014 0.433253 0.414475
0.355014 0.433253 0.414475
0.355014 0.433253 0.414475
0.355014 0.433253 0.414475
0.355014 0.433253 0.414475
0.355014 0.433253 0.414475
0.355014 0.433253 0.414475
0.355014 0.433253 0.414475
0.355014 0.433253 0.414475
0.355014 0.433253 0.414475
0.355014 0.433253 0.414475
0.355014 0.433253 0.414475
0.355014 0.433253 0.414475
0.355014 0.433253 0.414475
0.355014 0.433253 0.414475
0.355014 0.433253 0.414475
0.355014 0.433253 0.414475
0.355014 0.433253 0.414475
0.355014 0.433253 0.414475
0.355014 0.433253 0.414475
0.355014 0.433253 0.414475
0.355014 0.433253 0.414475
0.355014 0.433253 0.414475
0.355014 0.433253 0.414475
0.355014 0.433253 0.414475
0.355014 0.433253 0.414475
0.355014 0.433253 0.414475
0.355014 0.433253 0.414475
0.355014 0.433253 0.414475
0.355014 0.433253 0.414475
0.355014 0.433253 0.414475
0.355014 0.433253 0.414475
0.355014 0.433253 0.414475
0.355014 0.433253 0.414475
0.355014 0.433253 0.414475
0.355014 0.433253 0.414475
0.355014 0.433253 0.414475
0.355014 0.433253 0.414475
0.355014 0.433253 0.414475
0.355014 0.433253 0.414475
0.355014 0.433253 0.414475
0.355014 0.433253 0.414475
0.355014 0.433253 0.414475
0.355014 0.433253 0.414475
0.355014 0.433253 0.414475
0.355014 0.433253 0.414475
0.355014 0.433253 0.414475
0.355014 0.433253 0.414475
0.355014 0.433253 0.414475
0.355014 0.433253 0.414475
0.355014 0.433253 0.414475
0.355014 0.433253 0.414475
0.355014 0.433253 0.414475
0.355014 0.433253 0.414475
0.355014 0.433253 0.414475
0.355014 0.433253 0.414475
0.355014 0.433253 0.414475
0.355014 0.433253 0.414475
0.355014 0.433253 0.414475
0.355014 0.433253 0.414475
0.355014 0.433253 0.414475
0.355014 0.433253 0.414475
0.355014 0.433253 0.414475
0.355014 0.433253 0.414475
0.355014 0.433253 0.414475
0.355014 0.433253 0.414475
0.355014 0.433253 0.414475
0.355014 0.433253 0.414475
0.355014 0.433253 0.414475
0.355014 0.433253 0.414475
0.355014 0.433253 0.414475
0.355014 0.433253 0.414475
0.355014 0.433253 0.414475
0.355014 0.433253 0.414475
0.355014 0.433253 0.414475
];
